A B C D E F G H I J K L M N O A@2 S1@2 A@3 B@3 C1@3 C2@3 C3@3 C4@3 C5@3 C6@3 C7@3 C8@3 C9@3 C10@3 C11@3 C12@3 C13@3 C14@3 C15@3 C16@3 C17@3 C18@3 C19@3 C20@3 C21@3 C22@3 C23@3 C24@3 C25@3 C26@3 C27@3 C28@3 C29@3 C30@3 
embedding:Default8G 436 120  
436 124 
436.001 158 
436.002 128 
436.002 154 
436.002 140 
436.003 130 
436.003 130 
436.004 116 
436.005 126 
436.005 148 
436.005 150 
436.006 116 
436.007 162 
436.007 138 
436.007 116 
436.008 136 
436.009 120 
436.009 116 
436.01 132 
436.01 148 
436.01 118 
436.011 110 
436.012 108 
436.012 118 
436.012 116 
436.013 132 
436.014 116 
436.014 130 
436.014 118 
436.015 92 
Double click graph to do analysis 436.015 110 
Experiment Comments:  Instrument Info: User Comments: 436.016 100 
var://page.info.tree.HJYInfo.ExpSummary.Comment$ var://page.info.tree.HJYInfo.ExpSummary.Instrument$  EMF 320x240: 2136 bytes (0x50213D2D) 436.017 130 
436.017 148 
436.017 106 
436.018 154 
436.019 152 
436.019 134 
436.019 116 
436.02 130 
436.021 128 
436.021 120 
436.022 164 
436.022 144 
436.022 114 
436.023 142 
436.024 130 
436.024 158 
436.024 142 
436.025 122 
436.026 134 
436.026 132 
436.026 96 
436.027 136 
436.027 120 
436.028 110 
436.029 104 
436.029 134 
436.029 90 
436.03 128 
436.031 110 
436.031 120 
436.031 162 
436.032 114 
436.033 142 
436.033 108 
436.034 124 
436.034 122 
436.034 114 
436.035 114 
436.036 114 
436.036 132 
436.036 118 
436.037 128 
436.038 102 
436.038 128 
436.038 126 
436.039 152 
436.039 126 
436.04 118 
436.041 134 
436.041 106 
436.041 118 
436.042 134 
436.043 134 
436.043 146 
436.043 118 
436.044 134 
436.045 126 
436.045 162 
436.046 140 
436.046 102 
436.046 116 
436.047 130 
436.048 72 
436.048 158 
436.048 118 
436.049 102 
436.05 116 
436.05 134 
436.05 126 
436.051 126 
436.051 108 
436.052 110 
436.053 122 
436.053 154 
436.053 134 
436.054 152 
436.055 160 
436.055 122 
436.055 120 
436.056 124 
436.057 168 
436.057 144 
436.058 134 
436.058 124 
436.058 112 
436.059 138 
436.06 152 
436.06 130 
436.06 134 
436.061 88 
436.062 128 
436.062 166 
436.062 130 
436.063 116 
436.063 156 
436.064 124 
436.065 148 
436.065 146 
436.065 126 
436.066 130 
436.067 126 
436.067 124 
436.067 126 
436.068 96 
436.068 96 
436.069 134 
436.07 150 
436.07 130 
436.07 130 
436.071 150 
436.072 90 
436.072 128 
436.072 146 
436.073 134 
436.074 144 
436.074 144 
436.075 120 
436.075 150 
436.075 122 
436.076 138 
436.077 132 
436.077 108 
436.077 150 
436.078 124 
436.079 122 
436.079 140 
436.079 134 
436.08 112 
436.08 122 
436.081 130 
436.082 116 
436.082 134 
436.082 122 
436.083 136 
436.084 120 
436.084 160 
436.084 134 
436.085 124 
436.086 100 
436.086 144 
436.087 136 
436.087 130 
436.087 124 
436.088 114 
436.089 120 
436.089 128 
436.089 136 
436.09 134 
436.091 134 
436.091 168 
436.091 148 
436.092 116 
436.092 118 
436.093 148 
436.094 144 
436.094 134 
436.094 154 
436.095 148 
436.096 124 
436.096 94 
436.096 164 
436.097 134 
436.098 102 
436.098 90 
436.099 132 
436.099 124 
436.099 108 
436.1 108 
436.101 146 
436.101 156 
436.101 130 
436.102 158 
436.103 96 
436.103 96 
436.103 142 
436.104 134 
436.104 134 
436.105 120 
436.106 134 
436.106 146 
436.106 120 
436.107 116 
436.108 124 
436.108 122 
436.108 148 
436.109 160 
436.11 162 
436.11 132 
436.111 156 
436.111 136 
436.111 118 
436.112 124 
436.113 112 
436.113 118 
436.113 162 
436.114 136 
436.115 134 
436.115 118 
436.115 134 
436.116 116 
436.116 126 
436.117 110 
436.118 114 
436.118 120 
436.118 128 
436.119 130 
436.12 122 
436.12 122 
436.12 152 
436.121 140 
436.122 94 
436.122 134 
436.123 120 
436.123 136 
436.123 104 
436.124 124 
436.125 136 
436.125 134 
436.125 112 
436.126 148 
436.127 122 
436.127 164 
436.127 116 
436.128 112 
436.128 154 
436.129 108 
436.13 100 
436.13 144 
436.13 120 
436.131 156 
436.132 158 
436.132 112 
436.132 140 
436.133 146 
436.134 126 
436.134 102 
436.135 148 
436.135 124 
436.135 112 
436.136 104 
436.137 108 
436.137 136 
436.137 140 
436.138 132 
436.139 118 
436.139 118 
436.139 106 
436.14 130 
436.14 128 
436.141 118 
436.142 130 
436.142 120 
436.142 172 
436.143 158 
436.144 132 
436.144 112 
436.144 152 
436.145 150 
436.146 110 
436.146 110 
436.147 122 
436.147 116 
436.147 160 
436.148 94 
436.149 136 
436.149 142 
436.149 146 
436.15 160 
436.151 112 
436.151 126 
436.151 128 
436.152 122 
436.152 122 
436.153 122 
436.154 120 
436.154 134 
436.154 108 
436.155 148 
436.156 160 
436.156 100 
436.156 126 
436.157 128 
436.158 138 
436.158 124 
436.159 142 
436.159 112 
436.159 120 
436.16 132 
436.161 94 
436.161 100 
436.161 128 
436.162 120 
436.163 118 
436.163 136 
436.163 130 
436.164 104 
436.164 118 
436.165 134 
436.166 134 
436.166 126 
436.166 132 
436.167 154 
436.168 126 
436.168 112 
436.168 136 
436.169 142 
436.17 122 
436.17 140 
436.171 116 
436.171 130 
436.171 150 
436.172 130 
436.173 162 
436.173 112 
436.173 154 
436.174 164 
436.175 150 
436.175 132 
436.175 148 
436.176 128 
436.176 136 
436.177 128 
436.178 116 
436.178 144 
436.178 110 
436.179 128 
436.18 142 
436.18 146 
436.18 124 
436.181 146 
436.182 94 
436.182 116 
436.183 110 
436.183 112 
436.183 120 
436.184 102 
436.185 110 
436.185 128 
436.185 154 
436.186 150 
436.187 130 
436.187 158 
436.188 128 
436.188 136 
436.188 168 
436.189 102 
436.19 122 
436.19 136 
436.19 100 
436.191 102 
436.192 126 
436.192 114 
436.192 172 
436.193 116 
436.193 128 
436.194 130 
436.195 136 
436.195 144 
436.195 136 
436.196 148 
436.197 128 
436.197 118 
436.197 146 
436.198 164 
436.199 122 
436.199 160 
436.2 124 
436.2 150 
436.2 114 
436.201 156 
436.202 134 
436.202 146 
436.202 144 
436.203 136 
436.204 86 
436.204 146 
436.204 106 
436.205 154 
436.205 144 
436.206 156 
436.207 108 
436.207 144 
436.207 134 
436.208 132 
436.209 134 
436.209 142 
436.209 122 
436.21 136 
436.211 144 
436.211 176 
436.212 112 
436.212 120 
436.212 130 
436.213 146 
436.214 150 
436.214 144 
436.214 110 
436.215 124 
436.216 116 
436.216 114 
436.216 130 
436.217 150 
436.217 140 
436.218 104 
436.219 156 
436.219 128 
436.219 142 
436.22 112 
436.221 134 
436.221 104 
436.221 112 
436.222 146 
436.223 170 
436.223 138 
436.224 136 
436.224 170 
436.224 148 
436.225 148 
436.226 118 
436.226 126 
436.226 184 
436.227 178 
436.228 150 
436.228 130 
436.228 126 
436.229 168 
436.229 152 
436.23 154 
436.231 168 
436.231 202 
436.231 170 
436.232 118 
436.233 140 
436.233 156 
436.233 150 
436.234 152 
436.235 170 
436.235 148 
436.236 204 
436.236 200 
436.236 188 
436.237 174 
436.238 172 
436.238 264 
436.238 230 
436.239 186 
436.24 276 
436.24 302 
436.24 308 
436.241 320 
436.241 350 
436.242 324 
436.243 400 
436.243 358 
436.243 462 
436.244 474 
436.245 386 
436.245 534 
436.245 568 
436.246 616 
436.247 602 
436.247 632 
436.248 666 
436.248 836 
436.248 824 
436.249 838 
436.25 1050 
436.25 1184 
436.25 1216 
436.251 1524 
436.252 1642 
436.252 1830 
436.252 2152 
436.253 2294 
436.253 2668 
436.254 2944 
436.255 3392 
436.255 3646 
436.255 3910 
436.256 4584 
436.257 4736 
436.257 5376 
436.257 5722 
436.258 6228 
436.259 6860 
436.259 7130 
436.26 7498 
436.26 7960 
436.26 8316 
436.261 8322 
436.262 9204 
436.262 9000 
436.262 9454 
436.263 9336 
436.264 9538 
436.264 9540 
436.264 9736 
436.265 9698 
436.265 9654 
436.266 9310 
436.267 9262 
436.267 8702 
436.267 8644 
436.268 8220 
436.269 7630 
436.269 7366 
436.269 6836 
436.27 6608 
436.271 5968 
436.271 5612 
436.272 5340 
436.272 4768 
436.272 4396 
436.273 3956 
436.274 3492 
436.274 3240 
436.274 2860 
436.275 2474 
436.276 2146 
436.276 1850 
436.276 1684 
436.277 1676 
436.277 1350 
436.278 1098 
436.279 1078 
436.279 868 
436.279 920 
436.28 778 
436.281 692 
436.281 692 
436.281 610 
436.282 520 
436.283 540 
436.283 492 
436.284 538 
436.284 406 
436.284 472 
436.285 448 
436.286 404 
436.286 334 
436.286 358 
436.287 338 
436.288 344 
436.288 294 
436.288 326 
436.289 324 
436.289 266 
436.29 228 
436.291 272 
436.291 228 
436.291 262 
436.292 208 
436.293 202 
436.293 218 
436.293 202 
436.294 238 
436.295 166 
436.295 134 
436.296 188 
436.296 152 
436.296 142 
436.297 174 
436.298 182 
436.298 154 
436.298 132 
436.299 140 
436.3 154 
436.3 162 
436.3 140 
436.301 168 
436.301 162 
436.302 94 
436.303 156 
436.303 186 
436.303 136 
436.304 134 
436.305 198 
436.305 152 
436.305 156 
436.306 152 
436.307 150 
436.307 164 
436.308 154 
436.308 136 
436.308 142 
436.309 168 
436.31 126 
436.31 120 
436.31 140 
436.311 142 
436.312 154 
436.312 178 
436.312 156 
436.313 164 
436.313 118 
436.314 190 
436.315 162 
436.315 140 
436.315 110 
436.316 136 
436.317 156 
436.317 140 
436.317 156 
436.318 128 
436.318 130 
436.319 164 
436.32 164 
436.32 126 
436.32 104 
436.321 176 
436.322 126 
436.322 124 
436.322 146 
436.323 182 
436.324 130 
436.324 164 
436.325 154 
436.325 152 
436.325 124 
436.326 144 
436.327 164 
436.327 102 
436.327 120 
436.328 114 
436.329 176 
436.329 162 
436.329 144 
436.33 180 
436.33 138 
436.331 122 
436.332 136 
436.332 168 
436.332 152 
436.333 130 
436.334 174 
436.334 148 
436.334 150 
436.335 146 
436.336 150 
436.336 142 
436.337 144 
436.337 132 
436.337 130 
436.338 140 
436.339 110 
436.339 118 
436.339 154 
436.34 144 
436.341 152 
436.341 166 
436.341 144 
436.342 146 
436.342 128 
436.343 130 
436.344 152 
436.344 142 
436.344 134 
436.345 138 
436.346 186 
436.346 114 
436.346 136 
436.347 108 
436.348 124 
436.348 140 
436.349 136 
436.349 144 
436.349 128 
436.35 138 
436.351 122 
436.351 134 
436.351 114 
436.352 124 
436.353 118 
436.353 128 
436.353 136 
436.354 134 
436.354 104 
436.355 136 
436.356 140 
436.356 110 
436.356 152 
436.357 102 
436.358 114 
436.358 160 
436.358 138 
436.359 156 
436.36 120 
436.36 136 
436.361 108 
436.361 126 
436.361 142 
436.362 130 
436.363 112 
436.363 130 
436.363 132 
436.364 140 
436.365 134 
436.365 152 
436.365 120 
436.366 148 
436.366 122 
436.367 168 
436.368 120 
436.368 114 
436.368 154 
436.369 102 
436.37 130 
436.37 126 
436.37 136 
436.371 144 
436.372 118 
436.372 132 
436.373 98 
436.373 132 
436.373 126 
436.374 114 
436.375 142 
436.375 136 
436.375 136 
436.376 116 
436.377 100 
436.377 152 
436.377 118 
436.378 126 
436.378 108 
436.379 154 
436.38 136 
436.38 168 
436.38 116 
436.381 126 
436.382 142 
436.382 134 
436.382 180 
436.383 126 
436.384 142 
436.384 152 
436.385 124 
436.385 168 
436.385 114 
436.386 106 
436.387 94 
436.387 144 
436.387 150 
436.388 126 
436.389 126 
436.389 126 
436.389 146 
436.39 146 
436.39 72 
436.391 116 
436.392 116 
436.392 118 
436.392 114 
436.393 146 
436.394 136 
436.394 142 
436.394 126 
436.395 128 
436.396 104 
436.396 138 
436.397 158 
436.397 136 
436.397 128 
436.398 128 
436.399 154 
436.399 126 
436.399 160 
436.4 134 
